N,1,SFO
N,2,ORD
N,3,BOS
N,4,PVD
N,5,JFK
N,6,BWI
N,7,MIA
N,8,DFW
N,9,LAX
#
E,1,2,1846
E,2,1,1846
#
E,1,8,1464
E,8,1,1464
#
E,1,9,337
E,9,1,337
#
E,2,3,867
E,3,2,867
#
E,2,4,849
E,4,2,849
#
E,2,5,740
E,5,2,740
#
E,2,6,621
E,6,2,621
#
E,2,8,802
E,8,2,802
#
E,3,5,187
E,5,3,187
#
E,3,7,1258
E,7,3,1258
#
E,4,5,144
E,5,4,144
#
E,5,6,184
E,6,5,184
#
E,5,7,1090
E,7,5,1090
#
E,5,8,1391
E,8,5,1391
#
E,6,7,946
E,7,6,946
#
E,7,8,1121
E,8,7,1121
#
E,7,9,2342
E,9,7,2342
#
E,8,9,1235
E,9,8,1235